"scene_list": [
    2.73606940273607,
    4.337671004337672,
    7.340674007340675,
    8.775442108775444,
    11.811811811811813,
    13.213213213213216,
    17.350684017350687,
    19.319319319319323,
    20.820820820820824,
    22.08875542208876,
    23.323323323323326,
    25.058391725058396,
    31.064397731064403,
    32.132132132132135,
    37.237237237237245,
    39.73973973973975,
    45.84584584584585,
    47.84784784784785,
    49.34934934934935,
    50.450450450450454,
    51.61828495161829,
    52.31898565231899,
    53.75375375375376,
    55.255255255255264,
    58.291624958291635,
    61.29462796129464,
    63.63029696363031,
    65.09843176509844,
    67.36736736736738,
    70.43710377043712,
    72.40573907240575,
    74.84150817484152,
    77.61094427761095,
    79.24591257924592,
    82.31564898231566,
    83.0830830830831,
    84.65131798465133,
    85.35201868535204,
    87.52085418752087,
    93.59359359359361,
    95.79579579579581,
    99.63296629963298,
    101.83516850183518,
    104.83817150483819,
    105.63897230563899,
    107.77444110777445,
    109.44277610944279,
    111.41141141141142,
    112.41241241241242,
    114.3476810143477,
    115.31531531531533,
    118.61861861861864,
    122.98965632298967,
    123.85719052385721,
    125.89255922589257,
    127.46079412746082,
    130.3636970303637,
    133.33333333333334,
    135.7023690357024,
    137.83783783783787,
    140.9075742409076,
    143.87721054387723,
    145.34534534534535,
    148.34834834834837,
    151.08441775108443,
    153.45345345345348 
],
[
    4.170837504170838,
    7.207207207207208,
    10.44377711044378,
    11.678345011678347,
    13.179846513179848,
    17.150483817150487,
    19.35268601935269,
    22.65598932265599,
    25.225225225225227,
    26.459793126459797,
    27.927927927927932,
    30.930930930930934,
    32.132132132132135,
    35.068401735068406,
    37.90457123790458,
    42.20887554220888,
    43.37671004337672,
    48.98231564898232,
    61.19452786119454,
    67.20053386720055,
    73.03970637303972,
    76.37637637637638,
    91.05772439105773,
    95.6956956956957,
    100.20020020020021,
    106.23957290623959,
    109.27594260927596,
    111.71171171171173,
    117.3506840173507,
    118.3516850183517,
    121.32132132132134,
    123.7570904237571,
    125.22522522522524,
    126.02602602602605,
    126.69336002669337,
    127.46079412746082,
    128.62862862862863,
    133.13313313313316,
    136.63663663663667,
    137.303970637304,
    139.305972639306,
    142.27560894227562,
    145.311978645312,
    146.84684684684686,
    149.78311644978314,
    153.8204871538205,
    156.32298965632302,
    158.59192525859194,
    160.8274941608275
],
[
    4.170837504170838,
    5.171838505171839,
    6.606606606606608,
    7.307307307307308,
    10.910910910910912,
    11.64497831164498,
    13.179846513179848,
    19.55288621955289,
    22.28895562228896,
    25.325325325325327,
    26.559893226559897,
    30.29696363029697,
    31.031031031031034,
    33.299966633299974,
    35.53553553553554,
    48.38171504838172,
    55.121788455121795,
    56.456456456456465,
    59.793126459793136,
    61.29462796129464,
    63.36336336336337,
    66.36636636636638,
    67.30063396730064,
    69.40273606940275,
    73.30663997330664,
    76.00934267600935,
    80.51384718051386,
    88.25492158825493,
    91.0910910910911,
    95.8958958958959,
    100.26693360026695,
    106.30630630630633,
    109.40940940940942,
    111.64497831164499,
    115.5488822155489,
    118.4517851184518,
    124.99165832499168,
    125.79245912579248,
    126.55989322655991,
    127.76109442776111,
    130.4971638304972,
    133.23323323323325,
    137.47080413747082,
    139.2058725392059,
    142.34234234234236,
    145.27861194527864,
    146.94694694694698,
    149.88321654988323,
    154.1207874541208,
    156.0226893560227,
    157.89122455789123,
    158.99232565899234
],
[
    0.4671338004671339,
    4.3043043043043046,
    11.711711711711713,
    19.285952619285954,
    22.522522522522525,
    25.258591925258596,
    38.038038038038046,
    48.94894894894895,
    55.288621955288626,
    85.21855188521856,
    90.99099099099101,
    95.72906239572907,
    115.38204871538207,
    118.3516850183517,
    121.32132132132134,
    125.5588922255589,
    126.39305972639308,
    137.303970637304,
    139.13913913913916,
    146.88021354688024,
    148.6152819486153,
    156.4230897564231,
    159.325992659326
],
[
    1.5015015015015016,
    2.902902902902903,
    4.437771104437772,
    7.574240907574242,
    11.14447781114448,
    13.380046713380048,
    16.416416416416418,
    19.419419419419423,
    23.15648982315649,
    25.458792125458796,
    26.292959626292962,
    28.328328328328332,
    32.065398732065404,
    37.303970637303976,
    43.41007674341008,
    44.57791124457792,
    47.98131464798132,
    51.18451785118452,
    53.15315315315316,
    55.422088755422095,
    60.6272939606273,
    61.49482816149484,
    68.93560226893561,
    70.53720387053721,
    71.63830497163832,
    73.47347347347349,
    77.94461127794462,
    79.44611277944612,
    80.98098098098099,
    82.54921588254922,
    84.81815148481816,
    90.02335669002336,
    91.4914914914915,
    95.16182849516184,
    97.4974974974975,
    98.99899899899901,
    101.30130130130131,
    103.50350350350352,
    105.77243910577245,
    107.27394060727396,
    109.57624290957625,
    113.9472806139473,
    117.41741741741744,
    118.61861861861864,
    119.71971971971973,
    124.62462462462464,
    125.99265932599268,
    127.49416082749418,
    131.2645979312646,
    133.50016683350017,
    136.60326993660328,
    139.6062729396063,
    143.97731064397732,
    145.54554554554556,
    149.315982649316,
    151.7183850517184,
    154.85485485485486
],
[
    7.107107107107108,
    10.910910910910912,
    13.179846513179848,
    14.88154821488155,
    16.383049716383052,
    28.361695028361698,
    32.132132132132135,
    37.27060393727061,
    41.57490824157492,
    43.27660994327662,
    44.47781114447782,
    47.88121454788122,
    51.18451785118452,
    52.61928595261929,
    56.723390056723396,
    58.091424758091435,
    59.793126459793136,
    63.46346346346347,
    68.90223556890224,
    70.37037037037038,
    71.53820487153821,
    73.47347347347349,
    77.74441107774442,
    79.31264597931266,
    80.84751418084753,
    82.34901568234902,
    84.71805138471807,
    89.92325658992327,
    91.22455789122456,
    95.0950950950951,
    97.36403069736404,
    98.93226559893228,
    101.16783450116785,
    103.40340340340342,
    105.70570570570572,
    117.51751751751753,
    118.48515181848516,
    119.7530864197531,
    126.19285952619288,
    127.32732732732734,
    131.2645979312646,
    133.33333333333334,
    136.33633633633636,
    145.37871204537873,
    149.04904904904907,
    155.95595595595597
]